1 1.2 1.0 
2 2.414213562373095 0.957 
3 2.9320508075688774 0.95 
4 3.4000000000000004 0.964 
5 3.63606797749979 0.962 
6 3.8494897427831782 0.959 
7 4.045751311064591 0.954 
8 4.22842712474619 0.958 
9 4.4 0.959 
10 4.562277660168379 0.951 
11 4.9166247903553995 0.968 
12 4.864101615137755 0.955 
13 5.005551275463989 0.954 
14 5.141657386773941 0.954 
15 5.272983346207417 0.955 
16 5.6 0.975 
17 5.723105625617661 0.965 
18 5.842640687119285 0.983 
19 5.9588989435406745 0.963 
20 5.87213595499958 0.951 
21 5.98257569495584 0.954 
22 6.09041575982343 0.953 
23 6.395831523312719 0.969 
24 6.498979485566355 0.97 
25 6.4 0.95 
26 6.699019513592784 0.977 
27 6.596152422706632 0.959 
28 6.891502622129181 0.97 
29 6.985164807134504 0.96 
30 7.077225575051662 0.979 
31 6.967764362830022 0.954 
32 7.256854249492381 0.971 
33 7.344562646538028 0.978 
34 7.4309518948453 0.966 
35 7.516079783099617 0.97 
36 7.6 0.967 
37 7.68276253029822 0.972 
38 7.7644140029689765 0.95 
39 7.844997998398398 0.966 
40 7.92455532033676 0.967 
41 8.003124237432848 0.954 
42 8.08074069840786 0.98 
43 8.157438524302 0.962 
44 8.2332495807108 0.959 
45 8.308203932499369 0.978 
46 8.382329983125269 0.969 
47 8.455654600401044 0.961 
48 8.528203230275508 0.965 
49 8.6 0.961 
50 8.671067811865475 0.966 
51 8.74142842854285 0.959 
52 8.811102550927979 0.963 
53 8.880109889280519 0.963 
54 8.948469228349534 0.967 
55 9.016198487095663 0.957 
56 9.083314773547883 0.97 
57 9.14983443527075 0.965 
58 9.215773105863908 0.971 
59 9.281145747868608 0.964 
60 9.345966692414834 0.958 
61 9.410249675906654 0.965 
62 9.47400787401181 0.957 
63 9.537253933193773 0.975 
64 9.6 0.972 
65 9.662257748298549 0.963 
66 9.72403840463596 0.964 
67 9.78535277187245 0.958 
68 9.84621125123532 0.959 
69 9.906623862918075 0.952 
70 9.966600265340755 0.962 
71 10.026149773176359 0.962 
72 10.08528137423857 0.959 
73 10.14400374531753 0.962 
74 10.202325267042626 0.968 
75 10.260254037844387 0.967 
76 10.317797887081348 0.962 
77 10.374964387392122 0.958 
78 10.431760866327847 0.959 
79 10.488194417315588 0.963 
80 10.544271909999159 0.958 
81 10.6 0.952 
82 10.655385138137417 0.955 
83 10.710433579144299 0.963 
84 10.76515138991168 0.957 
85 10.819544457292887 0.973 
86 10.873618495495704 0.962 
87 10.927379053088815 0.955 
88 10.980831519646859 0.953 
89 11.033981132056603 0.956 
90 11.086832980505138 0.962 
91 11.139392014169456 0.955 
92 11.191663046625438 0.958 
93 11.443650760992956 0.98 
94 11.295359714832658 0.958 
95 11.346794344808963 0.967 
96 11.397958971132711 0.964 
97 11.448857801796104 0.959 
98 11.499494936611665 0.965 
99 11.549874371066199 0.962 
100 11.6 0.963 
